﻿Time,10% Old,40% Old,50% Old,60% Old,10% New,
0,0.15,0.358,0.245,0.34,0.28,0
320,0.17,0.323,0.291,0.318,0.26,320
730,0.21,,0.19,0.27,0.204,1050
725,0.43,0.219,0.152,0.186,0.25,1775
718,0.74,0.438,0.249,0.353,0.262,2493
718,0.757,0.496,0.254,0.363,0.261,3211
719,0.758,0.672,0.264,0.365,0.229,3930
722,0.772,0.882,0.267,0.356,0.318,4652
708,0.767,1.277,0.273,0.371,0.257,5360
728,0.777,1.606,0.303,0.388,0.261,6088
718,0.769,1.646,0.306,0.391,0.26,6806